------------------------------------------------------------------------------------------------
                8 8888 8 8888      88 8 888888888o.          ,o888888o.    8 8888888888
                8 8888 8 8888      88 8 8888    `^888.      8888     `88.  8 8888
                8 8888 8 8888      88 8 8888        `88. ,8 8888       `8. 8 8888
                8 8888 8 8888      88 8 8888         `88 88 8888           8 8888
                8 8888 8 8888      88 8 8888          88 88 8888           8 888888888888
                8 8888 8 8888      88 8 8888          88 88 8888           8 8888
     88.        8 8888 8 8888      88 8 8888         ,88 88 8888   8888888 8 8888
     `88.       8 888' ` 8888     ,8P 8 8888        ,88' `8 8888       .8' 8 8888
       `88o.    8 88'    8888   ,d8P  8 8888    ,o88P'      8888     ,88'  8 8888
         `Y888888 '       `Y88888P'   8 888888888P'          `8888888P'    8 888888888888
------------------------------------------------------------------------------------------------
JUDGE QOS 运维系统 - 节点: MAINTAIN                                                版本: 1.5.0.a
-=-=-=-=-=-=-=-=-=-=-=-=-=-=-=-=-=-=-=-=-=-=-=-=-=-=-=-=-=-=-=-=-=-=-=-=-=-=-=-=-=-=-=-=-=-=-=-=


